/*--------------------------------*- C++ -*----------------------------------*\
| =========                 |                                                 |
| \\      /  F ield         | OpenFOAM: The Open Source CFD Toolbox           |
|  \\    /   O peration     | Version:  2506                                  |
|   \\  /    A nd           | Website:  www.openfoam.com                      |
|    \\/     M anipulation  |                                                 |
\*---------------------------------------------------------------------------*/
FoamFile
{
    version     2.0;
    format      ascii;
    arch        "LSB;label=32;scalar=64";
    note        "nPoints:10314  nCells:4992  nFaces:20132  nInternalFaces:9820";
    class       labelList;
    location    "constant/polyMesh";
    object      neighbour;
}
// * * * * * * * * * * * * * * * * * * * * * * * * * * * * * * * * * * * * * //


9820
(
1
32
2
33
3
34
4
35
5
36
6
37
7
38
8
39
9
40
10
41
11
42
12
43
13
44
14
45
15
46
16
47
17
48
18
49
19
50
20
51
21
52
22
53
23
54
24
55
25
56
26
57
27
58
28
59
29
60
30
61
31
62
63
1024
33
64
34
65
35
66
36
67
37
68
38
69
39
70
40
71
41
72
42
73
43
74
44
75
45
76
46
77
47
78
48
79
49
80
50
81
51
82
52
83
53
84
54
85
55
86
56
87
57
88
58
89
59
90
60
91
61
92
62
93
63
94
95
1036
65
96
66
97
67
98
68
99
69
100
70
101
71
102
72
103
73
104
74
105
75
106
76
107
77
108
78
109
79
110
80
111
81
112
82
113
83
114
84
115
85
116
86
117
87
118
88
119
89
120
90
121
91
122
92
123
93
124
94
125
95
126
127
1048
97
128
98
129
99
130
100
131
101
132
102
133
103
134
104
135
105
136
106
137
107
138
108
139
109
140
110
141
111
142
112
143
113
144
114
145
115
146
116
147
117
148
118
149
119
150
120
151
121
152
122
153
123
154
124
155
125
156
126
157
127
158
159
1060
129
160
130
161
131
162
132
163
133
164
134
165
135
166
136
167
137
168
138
169
139
170
140
171
141
172
142
173
143
174
144
175
145
176
146
177
147
178
148
179
149
180
150
181
151
182
152
183
153
184
154
185
155
186
156
187
157
188
158
189
159
190
191
1072
161
192
162
193
163
194
164
195
165
196
166
197
167
198
168
199
169
200
170
201
171
202
172
203
173
204
174
205
175
206
176
207
177
208
178
209
179
210
180
211
181
212
182
213
183
214
184
215
185
216
186
217
187
218
188
219
189
220
190
221
191
222
223
1084
193
224
194
225
195
226
196
227
197
228
198
229
199
230
200
231
201
232
202
233
203
234
204
235
205
236
206
237
207
238
208
239
209
240
210
241
211
242
212
243
213
244
214
245
215
246
216
247
217
248
218
249
219
250
220
251
221
252
222
253
223
254
255
1096
225
256
226
257
227
258
228
259
229
260
230
261
231
262
232
263
233
264
234
265
235
266
236
267
237
268
238
269
239
270
240
271
241
272
242
273
243
274
244
275
245
276
246
277
247
278
248
279
249
280
250
281
251
282
252
283
253
284
254
285
255
286
287
1108
257
288
258
289
259
290
260
291
261
292
262
293
263
294
264
295
265
296
266
297
267
298
268
299
269
300
270
301
271
302
272
303
273
304
274
305
275
306
276
307
277
308
278
309
279
310
280
311
281
312
282
313
283
314
284
315
285
316
286
317
287
318
319
1120
289
320
290
321
291
322
292
323
293
324
294
325
295
326
296
327
297
328
298
329
299
330
300
331
301
332
302
333
303
334
304
335
305
336
306
337
307
338
308
339
309
340
310
341
311
342
312
343
313
344
314
345
315
346
316
347
317
348
318
349
319
350
351
1132
321
352
322
353
323
354
324
355
325
356
326
357
327
358
328
359
329
360
330
361
331
362
332
363
333
364
334
365
335
366
336
367
337
368
338
369
339
370
340
371
341
372
342
373
343
374
344
375
345
376
346
377
347
378
348
379
349
380
350
381
351
382
383
1144
353
384
354
385
355
386
356
387
357
388
358
389
359
390
360
391
361
392
362
393
363
394
364
395
365
396
366
397
367
398
368
399
369
400
370
401
371
402
372
403
373
404
374
405
375
406
376
407
377
408
378
409
379
410
380
411
381
412
382
413
383
414
415
1156
385
416
386
417
387
418
388
419
389
420
390
421
391
422
392
423
393
424
394
425
395
426
396
427
397
428
398
429
399
430
400
431
401
432
402
433
403
434
404
435
405
436
406
437
407
438
408
439
409
440
410
441
411
442
412
443
413
444
414
445
415
446
447
1168
417
448
418
449
419
450
420
451
421
452
422
453
423
454
424
455
425
456
426
457
427
458
428
459
429
460
430
461
431
462
432
463
433
464
434
465
435
466
436
467
437
468
438
469
439
470
440
471
441
472
442
473
443
474
444
475
445
476
446
477
447
478
479
1180
449
480
450
481
451
482
452
483
453
484
454
485
455
486
456
487
457
488
458
489
459
490
460
491
461
492
462
493
463
494
464
495
465
496
466
497
467
498
468
499
469
500
470
501
471
502
472
503
473
504
474
505
475
506
476
507
477
508
478
509
479
510
511
1192
481
512
482
513
483
514
484
515
485
516
486
517
487
518
488
519
489
520
490
521
491
522
492
523
493
524
494
525
495
526
496
527
497
528
498
529
499
530
500
531
501
532
502
533
503
534
504
535
505
536
506
537
507
538
508
539
509
540
510
541
511
542
543
1204
513
544
514
545
515
546
516
547
517
548
518
549
519
550
520
551
521
552
522
553
523
554
524
555
525
556
526
557
527
558
528
559
529
560
530
561
531
562
532
563
533
564
534
565
535
566
536
567
537
568
538
569
539
570
540
571
541
572
542
573
543
574
575
1216
545
576
546
577
547
578
548
579
549
580
550
581
551
582
552
583
553
584
554
585
555
586
556
587
557
588
558
589
559
590
560
591
561
592
562
593
563
594
564
595
565
596
566
597
567
598
568
599
569
600
570
601
571
602
572
603
573
604
574
605
575
606
607
1228
577
608
578
609
579
610
580
611
581
612
582
613
583
614
584
615
585
616
586
617
587
618
588
619
589
620
590
621
591
622
592
623
593
624
594
625
595
626
596
627
597
628
598
629
599
630
600
631
601
632
602
633
603
634
604
635
605
636
606
637
607
638
639
1240
609
640
610
641
611
642
612
643
613
644
614
645
615
646
616
647
617
648
618
649
619
650
620
651
621
652
622
653
623
654
624
655
625
656
626
657
627
658
628
659
629
660
630
661
631
662
632
663
633
664
634
665
635
666
636
667
637
668
638
669
639
670
671
1252
641
672
642
673
643
674
644
675
645
676
646
677
647
678
648
679
649
680
650
681
651
682
652
683
653
684
654
685
655
686
656
687
657
688
658
689
659
690
660
691
661
692
662
693
663
694
664
695
665
696
666
697
667
698
668
699
669
700
670
701
671
702
703
1264
673
704
674
705
675
706
676
707
677
708
678
709
679
710
680
711
681
712
682
713
683
714
684
715
685
716
686
717
687
718
688
719
689
720
690
721
691
722
692
723
693
724
694
725
695
726
696
727
697
728
698
729
699
730
700
731
701
732
702
733
703
734
735
1276
705
736
706
737
707
738
708
739
709
740
710
741
711
742
712
743
713
744
714
745
715
746
716
747
717
748
718
749
719
750
720
751
721
752
722
753
723
754
724
755
725
756
726
757
727
758
728
759
729
760
730
761
731
762
732
763
733
764
734
765
735
766
767
1288
737
768
738
769
739
770
740
771
741
772
742
773
743
774
744
775
745
776
746
777
747
778
748
779
749
780
750
781
751
782
752
783
753
784
754
785
755
786
756
787
757
788
758
789
759
790
760
791
761
792
762
793
763
794
764
795
765
796
766
797
767
798
799
1300
769
800
770
801
771
802
772
803
773
804
774
805
775
806
776
807
777
808
778
809
779
810
780
811
781
812
782
813
783
814
784
815
785
816
786
817
787
818
788
819
789
820
790
821
791
822
792
823
793
824
794
825
795
826
796
827
797
828
798
829
799
830
831
1312
801
832
802
833
803
834
804
835
805
836
806
837
807
838
808
839
809
840
810
841
811
842
812
843
813
844
814
845
815
846
816
847
817
848
818
849
819
850
820
851
821
852
822
853
823
854
824
855
825
856
826
857
827
858
828
859
829
860
830
861
831
862
863
1324
833
864
834
865
835
866
836
867
837
868
838
869
839
870
840
871
841
872
842
873
843
874
844
875
845
876
846
877
847
878
848
879
849
880
850
881
851
882
852
883
853
884
854
885
855
886
856
887
857
888
858
889
859
890
860
891
861
892
862
893
863
894
895
1336
865
896
866
897
867
898
868
899
869
900
870
901
871
902
872
903
873
904
874
905
875
906
876
907
877
908
878
909
879
910
880
911
881
912
882
913
883
914
884
915
885
916
886
917
887
918
888
919
889
920
890
921
891
922
892
923
893
924
894
925
895
926
927
1348
897
928
898
929
899
930
900
931
901
932
902
933
903
934
904
935
905
936
906
937
907
938
908
939
909
940
910
941
911
942
912
943
913
944
914
945
915
946
916
947
917
948
918
949
919
950
920
951
921
952
922
953
923
954
924
955
925
956
926
957
927
958
959
1360
929
960
930
961
931
962
932
963
933
964
934
965
935
966
936
967
937
968
938
969
939
970
940
971
941
972
942
973
943
974
944
975
945
976
946
977
947
978
948
979
949
980
950
981
951
982
952
983
953
984
954
985
955
986
956
987
957
988
958
989
959
990
991
1372
961
992
962
993
963
994
964
995
965
996
966
997
967
998
968
999
969
1000
970
1001
971
1002
972
1003
973
1004
974
1005
975
1006
976
1007
977
1008
978
1009
979
1010
980
1011
981
1012
982
1013
983
1014
984
1015
985
1016
986
1017
987
1018
988
1019
989
1020
990
1021
991
1022
1023
1384
993
994
995
996
997
998
999
1000
1001
1002
1003
1004
1005
1006
1007
1008
1009
1010
1011
1012
1013
1014
1015
1016
1017
1018
1019
1020
1021
1022
1023
1396
1025
1036
1026
1037
1027
1038
1028
1039
1029
1040
1030
1041
1031
1042
1032
1043
1033
1044
1034
1045
1035
1046
1047
2560
1037
1048
1038
1049
1039
1050
1040
1051
1041
1052
1042
1053
1043
1054
1044
1055
1045
1056
1046
1057
1047
1058
1059
2608
1049
1060
1050
1061
1051
1062
1052
1063
1053
1064
1054
1065
1055
1066
1056
1067
1057
1068
1058
1069
1059
1070
1071
2656
1061
1072
1062
1073
1063
1074
1064
1075
1065
1076
1066
1077
1067
1078
1068
1079
1069
1080
1070
1081
1071
1082
1083
2704
1073
1084
1074
1085
1075
1086
1076
1087
1077
1088
1078
1089
1079
1090
1080
1091
1081
1092
1082
1093
1083
1094
1095
2752
1085
1096
1086
1097
1087
1098
1088
1099
1089
1100
1090
1101
1091
1102
1092
1103
1093
1104
1094
1105
1095
1106
1107
2800
1097
1108
1098
1109
1099
1110
1100
1111
1101
1112
1102
1113
1103
1114
1104
1115
1105
1116
1106
1117
1107
1118
1119
2848
1109
1120
1110
1121
1111
1122
1112
1123
1113
1124
1114
1125
1115
1126
1116
1127
1117
1128
1118
1129
1119
1130
1131
2896
1121
1132
1122
1133
1123
1134
1124
1135
1125
1136
1126
1137
1127
1138
1128
1139
1129
1140
1130
1141
1131
1142
1143
2944
1133
1144
1134
1145
1135
1146
1136
1147
1137
1148
1138
1149
1139
1150
1140
1151
1141
1152
1142
1153
1143
1154
1155
2992
1145
1156
1146
1157
1147
1158
1148
1159
1149
1160
1150
1161
1151
1162
1152
1163
1153
1164
1154
1165
1155
1166
1167
3040
1157
1168
1158
1169
1159
1170
1160
1171
1161
1172
1162
1173
1163
1174
1164
1175
1165
1176
1166
1177
1167
1178
1179
3088
1169
1180
1170
1181
1171
1182
1172
1183
1173
1184
1174
1185
1175
1186
1176
1187
1177
1188
1178
1189
1179
1190
1191
3136
1181
1192
1182
1193
1183
1194
1184
1195
1185
1196
1186
1197
1187
1198
1188
1199
1189
1200
1190
1201
1191
1202
1203
3184
1193
1204
1194
1205
1195
1206
1196
1207
1197
1208
1198
1209
1199
1210
1200
1211
1201
1212
1202
1213
1203
1214
1215
3232
1205
1216
1206
1217
1207
1218
1208
1219
1209
1220
1210
1221
1211
1222
1212
1223
1213
1224
1214
1225
1215
1226
1227
3280
1217
1228
1218
1229
1219
1230
1220
1231
1221
1232
1222
1233
1223
1234
1224
1235
1225
1236
1226
1237
1227
1238
1239
3328
1229
1240
1230
1241
1231
1242
1232
1243
1233
1244
1234
1245
1235
1246
1236
1247
1237
1248
1238
1249
1239
1250
1251
3376
1241
1252
1242
1253
1243
1254
1244
1255
1245
1256
1246
1257
1247
1258
1248
1259
1249
1260
1250
1261
1251
1262
1263
3424
1253
1264
1254
1265
1255
1266
1256
1267
1257
1268
1258
1269
1259
1270
1260
1271
1261
1272
1262
1273
1263
1274
1275
3472
1265
1276
1266
1277
1267
1278
1268
1279
1269
1280
1270
1281
1271
1282
1272
1283
1273
1284
1274
1285
1275
1286
1287
3520
1277
1288
1278
1289
1279
1290
1280
1291
1281
1292
1282
1293
1283
1294
1284
1295
1285
1296
1286
1297
1287
1298
1299
3568
1289
1300
1290
1301
1291
1302
1292
1303
1293
1304
1294
1305
1295
1306
1296
1307
1297
1308
1298
1309
1299
1310
1311
3616
1301
1312
1302
1313
1303
1314
1304
1315
1305
1316
1306
1317
1307
1318
1308
1319
1309
1320
1310
1321
1311
1322
1323
3664
1313
1324
1314
1325
1315
1326
1316
1327
1317
1328
1318
1329
1319
1330
1320
1331
1321
1332
1322
1333
1323
1334
1335
3712
1325
1336
1326
1337
1327
1338
1328
1339
1329
1340
1330
1341
1331
1342
1332
1343
1333
1344
1334
1345
1335
1346
1347
3760
1337
1348
1338
1349
1339
1350
1340
1351
1341
1352
1342
1353
1343
1354
1344
1355
1345
1356
1346
1357
1347
1358
1359
3808
1349
1360
1350
1361
1351
1362
1352
1363
1353
1364
1354
1365
1355
1366
1356
1367
1357
1368
1358
1369
1359
1370
1371
3856
1361
1372
1362
1373
1363
1374
1364
1375
1365
1376
1366
1377
1367
1378
1368
1379
1369
1380
1370
1381
1371
1382
1383
3904
1373
1384
1374
1385
1375
1386
1376
1387
1377
1388
1378
1389
1379
1390
1380
1391
1381
1392
1382
1393
1383
1394
1395
3952
1385
1396
1386
1397
1387
1398
1388
1399
1389
1400
1390
1401
1391
1402
1392
1403
1393
1404
1394
1405
1395
1406
1407
4000
1397
1398
1399
1400
1401
1402
1403
1404
1405
1406
1407
4048
1409
1456
1410
1457
1411
1458
1412
1459
1413
1460
1414
1461
1415
1462
1416
1463
1417
1464
1418
1465
1419
1466
1420
1467
1421
1468
1422
1469
1423
1470
1424
1471
1425
1472
1426
1473
1427
1474
1428
1475
1429
1476
1430
1477
1431
1478
1432
1479
1433
1480
1434
1481
1435
1482
1436
1483
1437
1484
1438
1485
1439
1486
1440
1487
1441
1488
1442
1489
1443
1490
1444
1491
1445
1492
1446
1493
1447
1494
1448
1495
1449
1496
1450
1497
1451
1498
1452
1499
1453
1500
1454
1501
1455
1502
1503
4096
1457
1504
1458
1505
1459
1506
1460
1507
1461
1508
1462
1509
1463
1510
1464
1511
1465
1512
1466
1513
1467
1514
1468
1515
1469
1516
1470
1517
1471
1518
1472
1519
1473
1520
1474
1521
1475
1522
1476
1523
1477
1524
1478
1525
1479
1526
1480
1527
1481
1528
1482
1529
1483
1530
1484
1531
1485
1532
1486
1533
1487
1534
1488
1535
1489
1536
1490
1537
1491
1538
1492
1539
1493
1540
1494
1541
1495
1542
1496
1543
1497
1544
1498
1545
1499
1546
1500
1547
1501
1548
1502
1549
1503
1550
1551
4112
1505
1552
1506
1553
1507
1554
1508
1555
1509
1556
1510
1557
1511
1558
1512
1559
1513
1560
1514
1561
1515
1562
1516
1563
1517
1564
1518
1565
1519
1566
1520
1567
1521
1568
1522
1569
1523
1570
1524
1571
1525
1572
1526
1573
1527
1574
1528
1575
1529
1576
1530
1577
1531
1578
1532
1579
1533
1580
1534
1581
1535
1582
1536
1583
1537
1584
1538
1585
1539
1586
1540
1587
1541
1588
1542
1589
1543
1590
1544
1591
1545
1592
1546
1593
1547
1594
1548
1595
1549
1596
1550
1597
1551
1598
1599
4128
1553
1600
1554
1601
1555
1602
1556
1603
1557
1604
1558
1605
1559
1606
1560
1607
1561
1608
1562
1609
1563
1610
1564
1611
1565
1612
1566
1613
1567
1614
1568
1615
1569
1616
1570
1617
1571
1618
1572
1619
1573
1620
1574
1621
1575
1622
1576
1623
1577
1624
1578
1625
1579
1626
1580
1627
1581
1628
1582
1629
1583
1630
1584
1631
1585
1632
1586
1633
1587
1634
1588
1635
1589
1636
1590
1637
1591
1638
1592
1639
1593
1640
1594
1641
1595
1642
1596
1643
1597
1644
1598
1645
1599
1646
1647
4144
1601
1648
1602
1649
1603
1650
1604
1651
1605
1652
1606
1653
1607
1654
1608
1655
1609
1656
1610
1657
1611
1658
1612
1659
1613
1660
1614
1661
1615
1662
1616
1663
1617
1664
1618
1665
1619
1666
1620
1667
1621
1668
1622
1669
1623
1670
1624
1671
1625
1672
1626
1673
1627
1674
1628
1675
1629
1676
1630
1677
1631
1678
1632
1679
1633
1680
1634
1681
1635
1682
1636
1683
1637
1684
1638
1685
1639
1686
1640
1687
1641
1688
1642
1689
1643
1690
1644
1691
1645
1692
1646
1693
1647
1694
1695
4160
1649
1696
1650
1697
1651
1698
1652
1699
1653
1700
1654
1701
1655
1702
1656
1703
1657
1704
1658
1705
1659
1706
1660
1707
1661
1708
1662
1709
1663
1710
1664
1711
1665
1712
1666
1713
1667
1714
1668
1715
1669
1716
1670
1717
1671
1718
1672
1719
1673
1720
1674
1721
1675
1722
1676
1723
1677
1724
1678
1725
1679
1726
1680
1727
1681
1728
1682
1729
1683
1730
1684
1731
1685
1732
1686
1733
1687
1734
1688
1735
1689
1736
1690
1737
1691
1738
1692
1739
1693
1740
1694
1741
1695
1742
1743
4176
1697
1744
1698
1745
1699
1746
1700
1747
1701
1748
1702
1749
1703
1750
1704
1751
1705
1752
1706
1753
1707
1754
1708
1755
1709
1756
1710
1757
1711
1758
1712
1759
1713
1760
1714
1761
1715
1762
1716
1763
1717
1764
1718
1765
1719
1766
1720
1767
1721
1768
1722
1769
1723
1770
1724
1771
1725
1772
1726
1773
1727
1774
1728
1775
1729
1776
1730
1777
1731
1778
1732
1779
1733
1780
1734
1781
1735
1782
1736
1783
1737
1784
1738
1785
1739
1786
1740
1787
1741
1788
1742
1789
1743
1790
1791
4192
1745
1792
1746
1793
1747
1794
1748
1795
1749
1796
1750
1797
1751
1798
1752
1799
1753
1800
1754
1801
1755
1802
1756
1803
1757
1804
1758
1805
1759
1806
1760
1807
1761
1808
1762
1809
1763
1810
1764
1811
1765
1812
1766
1813
1767
1814
1768
1815
1769
1816
1770
1817
1771
1818
1772
1819
1773
1820
1774
1821
1775
1822
1776
1823
1777
1824
1778
1825
1779
1826
1780
1827
1781
1828
1782
1829
1783
1830
1784
1831
1785
1832
1786
1833
1787
1834
1788
1835
1789
1836
1790
1837
1791
1838
1839
4208
1793
1840
1794
1841
1795
1842
1796
1843
1797
1844
1798
1845
1799
1846
1800
1847
1801
1848
1802
1849
1803
1850
1804
1851
1805
1852
1806
1853
1807
1854
1808
1855
1809
1856
1810
1857
1811
1858
1812
1859
1813
1860
1814
1861
1815
1862
1816
1863
1817
1864
1818
1865
1819
1866
1820
1867
1821
1868
1822
1869
1823
1870
1824
1871
1825
1872
1826
1873
1827
1874
1828
1875
1829
1876
1830
1877
1831
1878
1832
1879
1833
1880
1834
1881
1835
1882
1836
1883
1837
1884
1838
1885
1839
1886
1887
4224
1841
1888
1842
1889
1843
1890
1844
1891
1845
1892
1846
1893
1847
1894
1848
1895
1849
1896
1850
1897
1851
1898
1852
1899
1853
1900
1854
1901
1855
1902
1856
1903
1857
1904
1858
1905
1859
1906
1860
1907
1861
1908
1862
1909
1863
1910
1864
1911
1865
1912
1866
1913
1867
1914
1868
1915
1869
1916
1870
1917
1871
1918
1872
1919
1873
1920
1874
1921
1875
1922
1876
1923
1877
1924
1878
1925
1879
1926
1880
1927
1881
1928
1882
1929
1883
1930
1884
1931
1885
1932
1886
1933
1887
1934
1935
4240
1889
1936
1890
1937
1891
1938
1892
1939
1893
1940
1894
1941
1895
1942
1896
1943
1897
1944
1898
1945
1899
1946
1900
1947
1901
1948
1902
1949
1903
1950
1904
1951
1905
1952
1906
1953
1907
1954
1908
1955
1909
1956
1910
1957
1911
1958
1912
1959
1913
1960
1914
1961
1915
1962
1916
1963
1917
1964
1918
1965
1919
1966
1920
1967
1921
1968
1922
1969
1923
1970
1924
1971
1925
1972
1926
1973
1927
1974
1928
1975
1929
1976
1930
1977
1931
1978
1932
1979
1933
1980
1934
1981
1935
1982
1983
4256
1937
1984
1938
1985
1939
1986
1940
1987
1941
1988
1942
1989
1943
1990
1944
1991
1945
1992
1946
1993
1947
1994
1948
1995
1949
1996
1950
1997
1951
1998
1952
1999
1953
2000
1954
2001
1955
2002
1956
2003
1957
2004
1958
2005
1959
2006
1960
2007
1961
2008
1962
2009
1963
2010
1964
2011
1965
2012
1966
2013
1967
2014
1968
2015
1969
2016
1970
2017
1971
2018
1972
2019
1973
2020
1974
2021
1975
2022
1976
2023
1977
2024
1978
2025
1979
2026
1980
2027
1981
2028
1982
2029
1983
2030
2031
4272
1985
2032
1986
2033
1987
2034
1988
2035
1989
2036
1990
2037
1991
2038
1992
2039
1993
2040
1994
2041
1995
2042
1996
2043
1997
2044
1998
2045
1999
2046
2000
2047
2001
2048
2002
2049
2003
2050
2004
2051
2005
2052
2006
2053
2007
2054
2008
2055
2009
2056
2010
2057
2011
2058
2012
2059
2013
2060
2014
2061
2015
2062
2016
2063
2017
2064
2018
2065
2019
2066
2020
2067
2021
2068
2022
2069
2023
2070
2024
2071
2025
2072
2026
2073
2027
2074
2028
2075
2029
2076
2030
2077
2031
2078
2079
4288
2033
2080
2034
2081
2035
2082
2036
2083
2037
2084
2038
2085
2039
2086
2040
2087
2041
2088
2042
2089
2043
2090
2044
2091
2045
2092
2046
2093
2047
2094
2048
2095
2049
2096
2050
2097
2051
2098
2052
2099
2053
2100
2054
2101
2055
2102
2056
2103
2057
2104
2058
2105
2059
2106
2060
2107
2061
2108
2062
2109
2063
2110
2064
2111
2065
2112
2066
2113
2067
2114
2068
2115
2069
2116
2070
2117
2071
2118
2072
2119
2073
2120
2074
2121
2075
2122
2076
2123
2077
2124
2078
2125
2079
2126
2127
4304
2081
2128
2082
2129
2083
2130
2084
2131
2085
2132
2086
2133
2087
2134
2088
2135
2089
2136
2090
2137
2091
2138
2092
2139
2093
2140
2094
2141
2095
2142
2096
2143
2097
2144
2098
2145
2099
2146
2100
2147
2101
2148
2102
2149
2103
2150
2104
2151
2105
2152
2106
2153
2107
2154
2108
2155
2109
2156
2110
2157
2111
2158
2112
2159
2113
2160
2114
2161
2115
2162
2116
2163
2117
2164
2118
2165
2119
2166
2120
2167
2121
2168
2122
2169
2123
2170
2124
2171
2125
2172
2126
2173
2127
2174
2175
4320
2129
2176
2130
2177
2131
2178
2132
2179
2133
2180
2134
2181
2135
2182
2136
2183
2137
2184
2138
2185
2139
2186
2140
2187
2141
2188
2142
2189
2143
2190
2144
2191
2145
2192
2146
2193
2147
2194
2148
2195
2149
2196
2150
2197
2151
2198
2152
2199
2153
2200
2154
2201
2155
2202
2156
2203
2157
2204
2158
2205
2159
2206
2160
2207
2161
2208
2162
2209
2163
2210
2164
2211
2165
2212
2166
2213
2167
2214
2168
2215
2169
2216
2170
2217
2171
2218
2172
2219
2173
2220
2174
2221
2175
2222
2223
4336
2177
2224
2178
2225
2179
2226
2180
2227
2181
2228
2182
2229
2183
2230
2184
2231
2185
2232
2186
2233
2187
2234
2188
2235
2189
2236
2190
2237
2191
2238
2192
2239
2193
2240
2194
2241
2195
2242
2196
2243
2197
2244
2198
2245
2199
2246
2200
2247
2201
2248
2202
2249
2203
2250
2204
2251
2205
2252
2206
2253
2207
2254
2208
2255
2209
2256
2210
2257
2211
2258
2212
2259
2213
2260
2214
2261
2215
2262
2216
2263
2217
2264
2218
2265
2219
2266
2220
2267
2221
2268
2222
2269
2223
2270
2271
4352
2225
2272
2226
2273
2227
2274
2228
2275
2229
2276
2230
2277
2231
2278
2232
2279
2233
2280
2234
2281
2235
2282
2236
2283
2237
2284
2238
2285
2239
2286
2240
2287
2241
2288
2242
2289
2243
2290
2244
2291
2245
2292
2246
2293
2247
2294
2248
2295
2249
2296
2250
2297
2251
2298
2252
2299
2253
2300
2254
2301
2255
2302
2256
2303
2257
2304
2258
2305
2259
2306
2260
2307
2261
2308
2262
2309
2263
2310
2264
2311
2265
2312
2266
2313
2267
2314
2268
2315
2269
2316
2270
2317
2271
2318
2319
4368
2273
2320
2274
2321
2275
2322
2276
2323
2277
2324
2278
2325
2279
2326
2280
2327
2281
2328
2282
2329
2283
2330
2284
2331
2285
2332
2286
2333
2287
2334
2288
2335
2289
2336
2290
2337
2291
2338
2292
2339
2293
2340
2294
2341
2295
2342
2296
2343
2297
2344
2298
2345
2299
2346
2300
2347
2301
2348
2302
2349
2303
2350
2304
2351
2305
2352
2306
2353
2307
2354
2308
2355
2309
2356
2310
2357
2311
2358
2312
2359
2313
2360
2314
2361
2315
2362
2316
2363
2317
2364
2318
2365
2319
2366
2367
4384
2321
2368
2322
2369
2323
2370
2324
2371
2325
2372
2326
2373
2327
2374
2328
2375
2329
2376
2330
2377
2331
2378
2332
2379
2333
2380
2334
2381
2335
2382
2336
2383
2337
2384
2338
2385
2339
2386
2340
2387
2341
2388
2342
2389
2343
2390
2344
2391
2345
2392
2346
2393
2347
2394
2348
2395
2349
2396
2350
2397
2351
2398
2352
2399
2353
2400
2354
2401
2355
2402
2356
2403
2357
2404
2358
2405
2359
2406
2360
2407
2361
2408
2362
2409
2363
2410
2364
2411
2365
2412
2366
2413
2367
2414
2415
4400
2369
2416
2370
2417
2371
2418
2372
2419
2373
2420
2374
2421
2375
2422
2376
2423
2377
2424
2378
2425
2379
2426
2380
2427
2381
2428
2382
2429
2383
2430
2384
2431
2385
2432
2386
2433
2387
2434
2388
2435
2389
2436
2390
2437
2391
2438
2392
2439
2393
2440
2394
2441
2395
2442
2396
2443
2397
2444
2398
2445
2399
2446
2400
2447
2401
2448
2402
2449
2403
2450
2404
2451
2405
2452
2406
2453
2407
2454
2408
2455
2409
2456
2410
2457
2411
2458
2412
2459
2413
2460
2414
2461
2415
2462
2463
4416
2417
2464
2418
2465
2419
2466
2420
2467
2421
2468
2422
2469
2423
2470
2424
2471
2425
2472
2426
2473
2427
2474
2428
2475
2429
2476
2430
2477
2431
2478
2432
2479
2433
2480
2434
2481
2435
2482
2436
2483
2437
2484
2438
2485
2439
2486
2440
2487
2441
2488
2442
2489
2443
2490
2444
2491
2445
2492
2446
2493
2447
2494
2448
2495
2449
2496
2450
2497
2451
2498
2452
2499
2453
2500
2454
2501
2455
2502
2456
2503
2457
2504
2458
2505
2459
2506
2460
2507
2461
2508
2462
2509
2463
2510
2511
4432
2465
2512
2466
2513
2467
2514
2468
2515
2469
2516
2470
2517
2471
2518
2472
2519
2473
2520
2474
2521
2475
2522
2476
2523
2477
2524
2478
2525
2479
2526
2480
2527
2481
2528
2482
2529
2483
2530
2484
2531
2485
2532
2486
2533
2487
2534
2488
2535
2489
2536
2490
2537
2491
2538
2492
2539
2493
2540
2494
2541
2495
2542
2496
2543
2497
2544
2498
2545
2499
2546
2500
2547
2501
2548
2502
2549
2503
2550
2504
2551
2505
2552
2506
2553
2507
2554
2508
2555
2509
2556
2510
2557
2511
2558
2559
4448
2513
2560
2514
2561
2515
2562
2516
2563
2517
2564
2518
2565
2519
2566
2520
2567
2521
2568
2522
2569
2523
2570
2524
2571
2525
2572
2526
2573
2527
2574
2528
2575
2529
2576
2530
2577
2531
2578
2532
2579
2533
2580
2534
2581
2535
2582
2536
2583
2537
2584
2538
2585
2539
2586
2540
2587
2541
2588
2542
2589
2543
2590
2544
2591
2545
2592
2546
2593
2547
2594
2548
2595
2549
2596
2550
2597
2551
2598
2552
2599
2553
2600
2554
2601
2555
2602
2556
2603
2557
2604
2558
2605
2559
2606
2607
4464
2561
2608
2562
2609
2563
2610
2564
2611
2565
2612
2566
2613
2567
2614
2568
2615
2569
2616
2570
2617
2571
2618
2572
2619
2573
2620
2574
2621
2575
2622
2576
2623
2577
2624
2578
2625
2579
2626
2580
2627
2581
2628
2582
2629
2583
2630
2584
2631
2585
2632
2586
2633
2587
2634
2588
2635
2589
2636
2590
2637
2591
2638
2592
2639
2593
2640
2594
2641
2595
2642
2596
2643
2597
2644
2598
2645
2599
2646
2600
2647
2601
2648
2602
2649
2603
2650
2604
2651
2605
2652
2606
2653
2607
2654
2655
4480
2609
2656
2610
2657
2611
2658
2612
2659
2613
2660
2614
2661
2615
2662
2616
2663
2617
2664
2618
2665
2619
2666
2620
2667
2621
2668
2622
2669
2623
2670
2624
2671
2625
2672
2626
2673
2627
2674
2628
2675
2629
2676
2630
2677
2631
2678
2632
2679
2633
2680
2634
2681
2635
2682
2636
2683
2637
2684
2638
2685
2639
2686
2640
2687
2641
2688
2642
2689
2643
2690
2644
2691
2645
2692
2646
2693
2647
2694
2648
2695
2649
2696
2650
2697
2651
2698
2652
2699
2653
2700
2654
2701
2655
2702
2703
4496
2657
2704
2658
2705
2659
2706
2660
2707
2661
2708
2662
2709
2663
2710
2664
2711
2665
2712
2666
2713
2667
2714
2668
2715
2669
2716
2670
2717
2671
2718
2672
2719
2673
2720
2674
2721
2675
2722
2676
2723
2677
2724
2678
2725
2679
2726
2680
2727
2681
2728
2682
2729
2683
2730
2684
2731
2685
2732
2686
2733
2687
2734
2688
2735
2689
2736
2690
2737
2691
2738
2692
2739
2693
2740
2694
2741
2695
2742
2696
2743
2697
2744
2698
2745
2699
2746
2700
2747
2701
2748
2702
2749
2703
2750
2751
4512
2705
2752
2706
2753
2707
2754
2708
2755
2709
2756
2710
2757
2711
2758
2712
2759
2713
2760
2714
2761
2715
2762
2716
2763
2717
2764
2718
2765
2719
2766
2720
2767
2721
2768
2722
2769
2723
2770
2724
2771
2725
2772
2726
2773
2727
2774
2728
2775
2729
2776
2730
2777
2731
2778
2732
2779
2733
2780
2734
2781
2735
2782
2736
2783
2737
2784
2738
2785
2739
2786
2740
2787
2741
2788
2742
2789
2743
2790
2744
2791
2745
2792
2746
2793
2747
2794
2748
2795
2749
2796
2750
2797
2751
2798
2799
4528
2753
2800
2754
2801
2755
2802
2756
2803
2757
2804
2758
2805
2759
2806
2760
2807
2761
2808
2762
2809
2763
2810
2764
2811
2765
2812
2766
2813
2767
2814
2768
2815
2769
2816
2770
2817
2771
2818
2772
2819
2773
2820
2774
2821
2775
2822
2776
2823
2777
2824
2778
2825
2779
2826
2780
2827
2781
2828
2782
2829
2783
2830
2784
2831
2785
2832
2786
2833
2787
2834
2788
2835
2789
2836
2790
2837
2791
2838
2792
2839
2793
2840
2794
2841
2795
2842
2796
2843
2797
2844
2798
2845
2799
2846
2847
4544
2801
2848
2802
2849
2803
2850
2804
2851
2805
2852
2806
2853
2807
2854
2808
2855
2809
2856
2810
2857
2811
2858
2812
2859
2813
2860
2814
2861
2815
2862
2816
2863
2817
2864
2818
2865
2819
2866
2820
2867
2821
2868
2822
2869
2823
2870
2824
2871
2825
2872
2826
2873
2827
2874
2828
2875
2829
2876
2830
2877
2831
2878
2832
2879
2833
2880
2834
2881
2835
2882
2836
2883
2837
2884
2838
2885
2839
2886
2840
2887
2841
2888
2842
2889
2843
2890
2844
2891
2845
2892
2846
2893
2847
2894
2895
4560
2849
2896
2850
2897
2851
2898
2852
2899
2853
2900
2854
2901
2855
2902
2856
2903
2857
2904
2858
2905
2859
2906
2860
2907
2861
2908
2862
2909
2863
2910
2864
2911
2865
2912
2866
2913
2867
2914
2868
2915
2869
2916
2870
2917
2871
2918
2872
2919
2873
2920
2874
2921
2875
2922
2876
2923
2877
2924
2878
2925
2879
2926
2880
2927
2881
2928
2882
2929
2883
2930
2884
2931
2885
2932
2886
2933
2887
2934
2888
2935
2889
2936
2890
2937
2891
2938
2892
2939
2893
2940
2894
2941
2895
2942
2943
4576
2897
2944
2898
2945
2899
2946
2900
2947
2901
2948
2902
2949
2903
2950
2904
2951
2905
2952
2906
2953
2907
2954
2908
2955
2909
2956
2910
2957
2911
2958
2912
2959
2913
2960
2914
2961
2915
2962
2916
2963
2917
2964
2918
2965
2919
2966
2920
2967
2921
2968
2922
2969
2923
2970
2924
2971
2925
2972
2926
2973
2927
2974
2928
2975
2929
2976
2930
2977
2931
2978
2932
2979
2933
2980
2934
2981
2935
2982
2936
2983
2937
2984
2938
2985
2939
2986
2940
2987
2941
2988
2942
2989
2943
2990
2991
4592
2945
2992
2946
2993
2947
2994
2948
2995
2949
2996
2950
2997
2951
2998
2952
2999
2953
3000
2954
3001
2955
3002
2956
3003
2957
3004
2958
3005
2959
3006
2960
3007
2961
3008
2962
3009
2963
3010
2964
3011
2965
3012
2966
3013
2967
3014
2968
3015
2969
3016
2970
3017
2971
3018
2972
3019
2973
3020
2974
3021
2975
3022
2976
3023
2977
3024
2978
3025
2979
3026
2980
3027
2981
3028
2982
3029
2983
3030
2984
3031
2985
3032
2986
3033
2987
3034
2988
3035
2989
3036
2990
3037
2991
3038
3039
4608
2993
3040
2994
3041
2995
3042
2996
3043
2997
3044
2998
3045
2999
3046
3000
3047
3001
3048
3002
3049
3003
3050
3004
3051
3005
3052
3006
3053
3007
3054
3008
3055
3009
3056
3010
3057
3011
3058
3012
3059
3013
3060
3014
3061
3015
3062
3016
3063
3017
3064
3018
3065
3019
3066
3020
3067
3021
3068
3022
3069
3023
3070
3024
3071
3025
3072
3026
3073
3027
3074
3028
3075
3029
3076
3030
3077
3031
3078
3032
3079
3033
3080
3034
3081
3035
3082
3036
3083
3037
3084
3038
3085
3039
3086
3087
4624
3041
3088
3042
3089
3043
3090
3044
3091
3045
3092
3046
3093
3047
3094
3048
3095
3049
3096
3050
3097
3051
3098
3052
3099
3053
3100
3054
3101
3055
3102
3056
3103
3057
3104
3058
3105
3059
3106
3060
3107
3061
3108
3062
3109
3063
3110
3064
3111
3065
3112
3066
3113
3067
3114
3068
3115
3069
3116
3070
3117
3071
3118
3072
3119
3073
3120
3074
3121
3075
3122
3076
3123
3077
3124
3078
3125
3079
3126
3080
3127
3081
3128
3082
3129
3083
3130
3084
3131
3085
3132
3086
3133
3087
3134
3135
4640
3089
3136
3090
3137
3091
3138
3092
3139
3093
3140
3094
3141
3095
3142
3096
3143
3097
3144
3098
3145
3099
3146
3100
3147
3101
3148
3102
3149
3103
3150
3104
3151
3105
3152
3106
3153
3107
3154
3108
3155
3109
3156
3110
3157
3111
3158
3112
3159
3113
3160
3114
3161
3115
3162
3116
3163
3117
3164
3118
3165
3119
3166
3120
3167
3121
3168
3122
3169
3123
3170
3124
3171
3125
3172
3126
3173
3127
3174
3128
3175
3129
3176
3130
3177
3131
3178
3132
3179
3133
3180
3134
3181
3135
3182
3183
4656
3137
3184
3138
3185
3139
3186
3140
3187
3141
3188
3142
3189
3143
3190
3144
3191
3145
3192
3146
3193
3147
3194
3148
3195
3149
3196
3150
3197
3151
3198
3152
3199
3153
3200
3154
3201
3155
3202
3156
3203
3157
3204
3158
3205
3159
3206
3160
3207
3161
3208
3162
3209
3163
3210
3164
3211
3165
3212
3166
3213
3167
3214
3168
3215
3169
3216
3170
3217
3171
3218
3172
3219
3173
3220
3174
3221
3175
3222
3176
3223
3177
3224
3178
3225
3179
3226
3180
3227
3181
3228
3182
3229
3183
3230
3231
4672
3185
3232
3186
3233
3187
3234
3188
3235
3189
3236
3190
3237
3191
3238
3192
3239
3193
3240
3194
3241
3195
3242
3196
3243
3197
3244
3198
3245
3199
3246
3200
3247
3201
3248
3202
3249
3203
3250
3204
3251
3205
3252
3206
3253
3207
3254
3208
3255
3209
3256
3210
3257
3211
3258
3212
3259
3213
3260
3214
3261
3215
3262
3216
3263
3217
3264
3218
3265
3219
3266
3220
3267
3221
3268
3222
3269
3223
3270
3224
3271
3225
3272
3226
3273
3227
3274
3228
3275
3229
3276
3230
3277
3231
3278
3279
4688
3233
3280
3234
3281
3235
3282
3236
3283
3237
3284
3238
3285
3239
3286
3240
3287
3241
3288
3242
3289
3243
3290
3244
3291
3245
3292
3246
3293
3247
3294
3248
3295
3249
3296
3250
3297
3251
3298
3252
3299
3253
3300
3254
3301
3255
3302
3256
3303
3257
3304
3258
3305
3259
3306
3260
3307
3261
3308
3262
3309
3263
3310
3264
3311
3265
3312
3266
3313
3267
3314
3268
3315
3269
3316
3270
3317
3271
3318
3272
3319
3273
3320
3274
3321
3275
3322
3276
3323
3277
3324
3278
3325
3279
3326
3327
4704
3281
3328
3282
3329
3283
3330
3284
3331
3285
3332
3286
3333
3287
3334
3288
3335
3289
3336
3290
3337
3291
3338
3292
3339
3293
3340
3294
3341
3295
3342
3296
3343
3297
3344
3298
3345
3299
3346
3300
3347
3301
3348
3302
3349
3303
3350
3304
3351
3305
3352
3306
3353
3307
3354
3308
3355
3309
3356
3310
3357
3311
3358
3312
3359
3313
3360
3314
3361
3315
3362
3316
3363
3317
3364
3318
3365
3319
3366
3320
3367
3321
3368
3322
3369
3323
3370
3324
3371
3325
3372
3326
3373
3327
3374
3375
4720
3329
3376
3330
3377
3331
3378
3332
3379
3333
3380
3334
3381
3335
3382
3336
3383
3337
3384
3338
3385
3339
3386
3340
3387
3341
3388
3342
3389
3343
3390
3344
3391
3345
3392
3346
3393
3347
3394
3348
3395
3349
3396
3350
3397
3351
3398
3352
3399
3353
3400
3354
3401
3355
3402
3356
3403
3357
3404
3358
3405
3359
3406
3360
3407
3361
3408
3362
3409
3363
3410
3364
3411
3365
3412
3366
3413
3367
3414
3368
3415
3369
3416
3370
3417
3371
3418
3372
3419
3373
3420
3374
3421
3375
3422
3423
4736
3377
3424
3378
3425
3379
3426
3380
3427
3381
3428
3382
3429
3383
3430
3384
3431
3385
3432
3386
3433
3387
3434
3388
3435
3389
3436
3390
3437
3391
3438
3392
3439
3393
3440
3394
3441
3395
3442
3396
3443
3397
3444
3398
3445
3399
3446
3400
3447
3401
3448
3402
3449
3403
3450
3404
3451
3405
3452
3406
3453
3407
3454
3408
3455
3409
3456
3410
3457
3411
3458
3412
3459
3413
3460
3414
3461
3415
3462
3416
3463
3417
3464
3418
3465
3419
3466
3420
3467
3421
3468
3422
3469
3423
3470
3471
4752
3425
3472
3426
3473
3427
3474
3428
3475
3429
3476
3430
3477
3431
3478
3432
3479
3433
3480
3434
3481
3435
3482
3436
3483
3437
3484
3438
3485
3439
3486
3440
3487
3441
3488
3442
3489
3443
3490
3444
3491
3445
3492
3446
3493
3447
3494
3448
3495
3449
3496
3450
3497
3451
3498
3452
3499
3453
3500
3454
3501
3455
3502
3456
3503
3457
3504
3458
3505
3459
3506
3460
3507
3461
3508
3462
3509
3463
3510
3464
3511
3465
3512
3466
3513
3467
3514
3468
3515
3469
3516
3470
3517
3471
3518
3519
4768
3473
3520
3474
3521
3475
3522
3476
3523
3477
3524
3478
3525
3479
3526
3480
3527
3481
3528
3482
3529
3483
3530
3484
3531
3485
3532
3486
3533
3487
3534
3488
3535
3489
3536
3490
3537
3491
3538
3492
3539
3493
3540
3494
3541
3495
3542
3496
3543
3497
3544
3498
3545
3499
3546
3500
3547
3501
3548
3502
3549
3503
3550
3504
3551
3505
3552
3506
3553
3507
3554
3508
3555
3509
3556
3510
3557
3511
3558
3512
3559
3513
3560
3514
3561
3515
3562
3516
3563
3517
3564
3518
3565
3519
3566
3567
4784
3521
3568
3522
3569
3523
3570
3524
3571
3525
3572
3526
3573
3527
3574
3528
3575
3529
3576
3530
3577
3531
3578
3532
3579
3533
3580
3534
3581
3535
3582
3536
3583
3537
3584
3538
3585
3539
3586
3540
3587
3541
3588
3542
3589
3543
3590
3544
3591
3545
3592
3546
3593
3547
3594
3548
3595
3549
3596
3550
3597
3551
3598
3552
3599
3553
3600
3554
3601
3555
3602
3556
3603
3557
3604
3558
3605
3559
3606
3560
3607
3561
3608
3562
3609
3563
3610
3564
3611
3565
3612
3566
3613
3567
3614
3615
4800
3569
3616
3570
3617
3571
3618
3572
3619
3573
3620
3574
3621
3575
3622
3576
3623
3577
3624
3578
3625
3579
3626
3580
3627
3581
3628
3582
3629
3583
3630
3584
3631
3585
3632
3586
3633
3587
3634
3588
3635
3589
3636
3590
3637
3591
3638
3592
3639
3593
3640
3594
3641
3595
3642
3596
3643
3597
3644
3598
3645
3599
3646
3600
3647
3601
3648
3602
3649
3603
3650
3604
3651
3605
3652
3606
3653
3607
3654
3608
3655
3609
3656
3610
3657
3611
3658
3612
3659
3613
3660
3614
3661
3615
3662
3663
4816
3617
3664
3618
3665
3619
3666
3620
3667
3621
3668
3622
3669
3623
3670
3624
3671
3625
3672
3626
3673
3627
3674
3628
3675
3629
3676
3630
3677
3631
3678
3632
3679
3633
3680
3634
3681
3635
3682
3636
3683
3637
3684
3638
3685
3639
3686
3640
3687
3641
3688
3642
3689
3643
3690
3644
3691
3645
3692
3646
3693
3647
3694
3648
3695
3649
3696
3650
3697
3651
3698
3652
3699
3653
3700
3654
3701
3655
3702
3656
3703
3657
3704
3658
3705
3659
3706
3660
3707
3661
3708
3662
3709
3663
3710
3711
4832
3665
3712
3666
3713
3667
3714
3668
3715
3669
3716
3670
3717
3671
3718
3672
3719
3673
3720
3674
3721
3675
3722
3676
3723
3677
3724
3678
3725
3679
3726
3680
3727
3681
3728
3682
3729
3683
3730
3684
3731
3685
3732
3686
3733
3687
3734
3688
3735
3689
3736
3690
3737
3691
3738
3692
3739
3693
3740
3694
3741
3695
3742
3696
3743
3697
3744
3698
3745
3699
3746
3700
3747
3701
3748
3702
3749
3703
3750
3704
3751
3705
3752
3706
3753
3707
3754
3708
3755
3709
3756
3710
3757
3711
3758
3759
4848
3713
3760
3714
3761
3715
3762
3716
3763
3717
3764
3718
3765
3719
3766
3720
3767
3721
3768
3722
3769
3723
3770
3724
3771
3725
3772
3726
3773
3727
3774
3728
3775
3729
3776
3730
3777
3731
3778
3732
3779
3733
3780
3734
3781
3735
3782
3736
3783
3737
3784
3738
3785
3739
3786
3740
3787
3741
3788
3742
3789
3743
3790
3744
3791
3745
3792
3746
3793
3747
3794
3748
3795
3749
3796
3750
3797
3751
3798
3752
3799
3753
3800
3754
3801
3755
3802
3756
3803
3757
3804
3758
3805
3759
3806
3807
4864
3761
3808
3762
3809
3763
3810
3764
3811
3765
3812
3766
3813
3767
3814
3768
3815
3769
3816
3770
3817
3771
3818
3772
3819
3773
3820
3774
3821
3775
3822
3776
3823
3777
3824
3778
3825
3779
3826
3780
3827
3781
3828
3782
3829
3783
3830
3784
3831
3785
3832
3786
3833
3787
3834
3788
3835
3789
3836
3790
3837
3791
3838
3792
3839
3793
3840
3794
3841
3795
3842
3796
3843
3797
3844
3798
3845
3799
3846
3800
3847
3801
3848
3802
3849
3803
3850
3804
3851
3805
3852
3806
3853
3807
3854
3855
4880
3809
3856
3810
3857
3811
3858
3812
3859
3813
3860
3814
3861
3815
3862
3816
3863
3817
3864
3818
3865
3819
3866
3820
3867
3821
3868
3822
3869
3823
3870
3824
3871
3825
3872
3826
3873
3827
3874
3828
3875
3829
3876
3830
3877
3831
3878
3832
3879
3833
3880
3834
3881
3835
3882
3836
3883
3837
3884
3838
3885
3839
3886
3840
3887
3841
3888
3842
3889
3843
3890
3844
3891
3845
3892
3846
3893
3847
3894
3848
3895
3849
3896
3850
3897
3851
3898
3852
3899
3853
3900
3854
3901
3855
3902
3903
4896
3857
3904
3858
3905
3859
3906
3860
3907
3861
3908
3862
3909
3863
3910
3864
3911
3865
3912
3866
3913
3867
3914
3868
3915
3869
3916
3870
3917
3871
3918
3872
3919
3873
3920
3874
3921
3875
3922
3876
3923
3877
3924
3878
3925
3879
3926
3880
3927
3881
3928
3882
3929
3883
3930
3884
3931
3885
3932
3886
3933
3887
3934
3888
3935
3889
3936
3890
3937
3891
3938
3892
3939
3893
3940
3894
3941
3895
3942
3896
3943
3897
3944
3898
3945
3899
3946
3900
3947
3901
3948
3902
3949
3903
3950
3951
4912
3905
3952
3906
3953
3907
3954
3908
3955
3909
3956
3910
3957
3911
3958
3912
3959
3913
3960
3914
3961
3915
3962
3916
3963
3917
3964
3918
3965
3919
3966
3920
3967
3921
3968
3922
3969
3923
3970
3924
3971
3925
3972
3926
3973
3927
3974
3928
3975
3929
3976
3930
3977
3931
3978
3932
3979
3933
3980
3934
3981
3935
3982
3936
3983
3937
3984
3938
3985
3939
3986
3940
3987
3941
3988
3942
3989
3943
3990
3944
3991
3945
3992
3946
3993
3947
3994
3948
3995
3949
3996
3950
3997
3951
3998
3999
4928
3953
4000
3954
4001
3955
4002
3956
4003
3957
4004
3958
4005
3959
4006
3960
4007
3961
4008
3962
4009
3963
4010
3964
4011
3965
4012
3966
4013
3967
4014
3968
4015
3969
4016
3970
4017
3971
4018
3972
4019
3973
4020
3974
4021
3975
4022
3976
4023
3977
4024
3978
4025
3979
4026
3980
4027
3981
4028
3982
4029
3983
4030
3984
4031
3985
4032
3986
4033
3987
4034
3988
4035
3989
4036
3990
4037
3991
4038
3992
4039
3993
4040
3994
4041
3995
4042
3996
4043
3997
4044
3998
4045
3999
4046
4047
4944
4001
4048
4002
4049
4003
4050
4004
4051
4005
4052
4006
4053
4007
4054
4008
4055
4009
4056
4010
4057
4011
4058
4012
4059
4013
4060
4014
4061
4015
4062
4016
4063
4017
4064
4018
4065
4019
4066
4020
4067
4021
4068
4022
4069
4023
4070
4024
4071
4025
4072
4026
4073
4027
4074
4028
4075
4029
4076
4030
4077
4031
4078
4032
4079
4033
4080
4034
4081
4035
4082
4036
4083
4037
4084
4038
4085
4039
4086
4040
4087
4041
4088
4042
4089
4043
4090
4044
4091
4045
4092
4046
4093
4047
4094
4095
4960
4049
4050
4051
4052
4053
4054
4055
4056
4057
4058
4059
4060
4061
4062
4063
4064
4065
4066
4067
4068
4069
4070
4071
4072
4073
4074
4075
4076
4077
4078
4079
4080
4081
4082
4083
4084
4085
4086
4087
4088
4089
4090
4091
4092
4093
4094
4095
4976
4097
4112
4098
4113
4099
4114
4100
4115
4101
4116
4102
4117
4103
4118
4104
4119
4105
4120
4106
4121
4107
4122
4108
4123
4109
4124
4110
4125
4111
4126
4127
4113
4128
4114
4129
4115
4130
4116
4131
4117
4132
4118
4133
4119
4134
4120
4135
4121
4136
4122
4137
4123
4138
4124
4139
4125
4140
4126
4141
4127
4142
4143
4129
4144
4130
4145
4131
4146
4132
4147
4133
4148
4134
4149
4135
4150
4136
4151
4137
4152
4138
4153
4139
4154
4140
4155
4141
4156
4142
4157
4143
4158
4159
4145
4160
4146
4161
4147
4162
4148
4163
4149
4164
4150
4165
4151
4166
4152
4167
4153
4168
4154
4169
4155
4170
4156
4171
4157
4172
4158
4173
4159
4174
4175
4161
4176
4162
4177
4163
4178
4164
4179
4165
4180
4166
4181
4167
4182
4168
4183
4169
4184
4170
4185
4171
4186
4172
4187
4173
4188
4174
4189
4175
4190
4191
4177
4192
4178
4193
4179
4194
4180
4195
4181
4196
4182
4197
4183
4198
4184
4199
4185
4200
4186
4201
4187
4202
4188
4203
4189
4204
4190
4205
4191
4206
4207
4193
4208
4194
4209
4195
4210
4196
4211
4197
4212
4198
4213
4199
4214
4200
4215
4201
4216
4202
4217
4203
4218
4204
4219
4205
4220
4206
4221
4207
4222
4223
4209
4224
4210
4225
4211
4226
4212
4227
4213
4228
4214
4229
4215
4230
4216
4231
4217
4232
4218
4233
4219
4234
4220
4235
4221
4236
4222
4237
4223
4238
4239
4225
4240
4226
4241
4227
4242
4228
4243
4229
4244
4230
4245
4231
4246
4232
4247
4233
4248
4234
4249
4235
4250
4236
4251
4237
4252
4238
4253
4239
4254
4255
4241
4256
4242
4257
4243
4258
4244
4259
4245
4260
4246
4261
4247
4262
4248
4263
4249
4264
4250
4265
4251
4266
4252
4267
4253
4268
4254
4269
4255
4270
4271
4257
4272
4258
4273
4259
4274
4260
4275
4261
4276
4262
4277
4263
4278
4264
4279
4265
4280
4266
4281
4267
4282
4268
4283
4269
4284
4270
4285
4271
4286
4287
4273
4288
4274
4289
4275
4290
4276
4291
4277
4292
4278
4293
4279
4294
4280
4295
4281
4296
4282
4297
4283
4298
4284
4299
4285
4300
4286
4301
4287
4302
4303
4289
4304
4290
4305
4291
4306
4292
4307
4293
4308
4294
4309
4295
4310
4296
4311
4297
4312
4298
4313
4299
4314
4300
4315
4301
4316
4302
4317
4303
4318
4319
4305
4320
4306
4321
4307
4322
4308
4323
4309
4324
4310
4325
4311
4326
4312
4327
4313
4328
4314
4329
4315
4330
4316
4331
4317
4332
4318
4333
4319
4334
4335
4321
4336
4322
4337
4323
4338
4324
4339
4325
4340
4326
4341
4327
4342
4328
4343
4329
4344
4330
4345
4331
4346
4332
4347
4333
4348
4334
4349
4335
4350
4351
4337
4352
4338
4353
4339
4354
4340
4355
4341
4356
4342
4357
4343
4358
4344
4359
4345
4360
4346
4361
4347
4362
4348
4363
4349
4364
4350
4365
4351
4366
4367
4353
4368
4354
4369
4355
4370
4356
4371
4357
4372
4358
4373
4359
4374
4360
4375
4361
4376
4362
4377
4363
4378
4364
4379
4365
4380
4366
4381
4367
4382
4383
4369
4384
4370
4385
4371
4386
4372
4387
4373
4388
4374
4389
4375
4390
4376
4391
4377
4392
4378
4393
4379
4394
4380
4395
4381
4396
4382
4397
4383
4398
4399
4385
4400
4386
4401
4387
4402
4388
4403
4389
4404
4390
4405
4391
4406
4392
4407
4393
4408
4394
4409
4395
4410
4396
4411
4397
4412
4398
4413
4399
4414
4415
4401
4416
4402
4417
4403
4418
4404
4419
4405
4420
4406
4421
4407
4422
4408
4423
4409
4424
4410
4425
4411
4426
4412
4427
4413
4428
4414
4429
4415
4430
4431
4417
4432
4418
4433
4419
4434
4420
4435
4421
4436
4422
4437
4423
4438
4424
4439
4425
4440
4426
4441
4427
4442
4428
4443
4429
4444
4430
4445
4431
4446
4447
4433
4448
4434
4449
4435
4450
4436
4451
4437
4452
4438
4453
4439
4454
4440
4455
4441
4456
4442
4457
4443
4458
4444
4459
4445
4460
4446
4461
4447
4462
4463
4449
4464
4450
4465
4451
4466
4452
4467
4453
4468
4454
4469
4455
4470
4456
4471
4457
4472
4458
4473
4459
4474
4460
4475
4461
4476
4462
4477
4463
4478
4479
4465
4480
4466
4481
4467
4482
4468
4483
4469
4484
4470
4485
4471
4486
4472
4487
4473
4488
4474
4489
4475
4490
4476
4491
4477
4492
4478
4493
4479
4494
4495
4481
4496
4482
4497
4483
4498
4484
4499
4485
4500
4486
4501
4487
4502
4488
4503
4489
4504
4490
4505
4491
4506
4492
4507
4493
4508
4494
4509
4495
4510
4511
4497
4512
4498
4513
4499
4514
4500
4515
4501
4516
4502
4517
4503
4518
4504
4519
4505
4520
4506
4521
4507
4522
4508
4523
4509
4524
4510
4525
4511
4526
4527
4513
4528
4514
4529
4515
4530
4516
4531
4517
4532
4518
4533
4519
4534
4520
4535
4521
4536
4522
4537
4523
4538
4524
4539
4525
4540
4526
4541
4527
4542
4543
4529
4544
4530
4545
4531
4546
4532
4547
4533
4548
4534
4549
4535
4550
4536
4551
4537
4552
4538
4553
4539
4554
4540
4555
4541
4556
4542
4557
4543
4558
4559
4545
4560
4546
4561
4547
4562
4548
4563
4549
4564
4550
4565
4551
4566
4552
4567
4553
4568
4554
4569
4555
4570
4556
4571
4557
4572
4558
4573
4559
4574
4575
4561
4576
4562
4577
4563
4578
4564
4579
4565
4580
4566
4581
4567
4582
4568
4583
4569
4584
4570
4585
4571
4586
4572
4587
4573
4588
4574
4589
4575
4590
4591
4577
4592
4578
4593
4579
4594
4580
4595
4581
4596
4582
4597
4583
4598
4584
4599
4585
4600
4586
4601
4587
4602
4588
4603
4589
4604
4590
4605
4591
4606
4607
4593
4608
4594
4609
4595
4610
4596
4611
4597
4612
4598
4613
4599
4614
4600
4615
4601
4616
4602
4617
4603
4618
4604
4619
4605
4620
4606
4621
4607
4622
4623
4609
4624
4610
4625
4611
4626
4612
4627
4613
4628
4614
4629
4615
4630
4616
4631
4617
4632
4618
4633
4619
4634
4620
4635
4621
4636
4622
4637
4623
4638
4639
4625
4640
4626
4641
4627
4642
4628
4643
4629
4644
4630
4645
4631
4646
4632
4647
4633
4648
4634
4649
4635
4650
4636
4651
4637
4652
4638
4653
4639
4654
4655
4641
4656
4642
4657
4643
4658
4644
4659
4645
4660
4646
4661
4647
4662
4648
4663
4649
4664
4650
4665
4651
4666
4652
4667
4653
4668
4654
4669
4655
4670
4671
4657
4672
4658
4673
4659
4674
4660
4675
4661
4676
4662
4677
4663
4678
4664
4679
4665
4680
4666
4681
4667
4682
4668
4683
4669
4684
4670
4685
4671
4686
4687
4673
4688
4674
4689
4675
4690
4676
4691
4677
4692
4678
4693
4679
4694
4680
4695
4681
4696
4682
4697
4683
4698
4684
4699
4685
4700
4686
4701
4687
4702
4703
4689
4704
4690
4705
4691
4706
4692
4707
4693
4708
4694
4709
4695
4710
4696
4711
4697
4712
4698
4713
4699
4714
4700
4715
4701
4716
4702
4717
4703
4718
4719
4705
4720
4706
4721
4707
4722
4708
4723
4709
4724
4710
4725
4711
4726
4712
4727
4713
4728
4714
4729
4715
4730
4716
4731
4717
4732
4718
4733
4719
4734
4735
4721
4736
4722
4737
4723
4738
4724
4739
4725
4740
4726
4741
4727
4742
4728
4743
4729
4744
4730
4745
4731
4746
4732
4747
4733
4748
4734
4749
4735
4750
4751
4737
4752
4738
4753
4739
4754
4740
4755
4741
4756
4742
4757
4743
4758
4744
4759
4745
4760
4746
4761
4747
4762
4748
4763
4749
4764
4750
4765
4751
4766
4767
4753
4768
4754
4769
4755
4770
4756
4771
4757
4772
4758
4773
4759
4774
4760
4775
4761
4776
4762
4777
4763
4778
4764
4779
4765
4780
4766
4781
4767
4782
4783
4769
4784
4770
4785
4771
4786
4772
4787
4773
4788
4774
4789
4775
4790
4776
4791
4777
4792
4778
4793
4779
4794
4780
4795
4781
4796
4782
4797
4783
4798
4799
4785
4800
4786
4801
4787
4802
4788
4803
4789
4804
4790
4805
4791
4806
4792
4807
4793
4808
4794
4809
4795
4810
4796
4811
4797
4812
4798
4813
4799
4814
4815
4801
4816
4802
4817
4803
4818
4804
4819
4805
4820
4806
4821
4807
4822
4808
4823
4809
4824
4810
4825
4811
4826
4812
4827
4813
4828
4814
4829
4815
4830
4831
4817
4832
4818
4833
4819
4834
4820
4835
4821
4836
4822
4837
4823
4838
4824
4839
4825
4840
4826
4841
4827
4842
4828
4843
4829
4844
4830
4845
4831
4846
4847
4833
4848
4834
4849
4835
4850
4836
4851
4837
4852
4838
4853
4839
4854
4840
4855
4841
4856
4842
4857
4843
4858
4844
4859
4845
4860
4846
4861
4847
4862
4863
4849
4864
4850
4865
4851
4866
4852
4867
4853
4868
4854
4869
4855
4870
4856
4871
4857
4872
4858
4873
4859
4874
4860
4875
4861
4876
4862
4877
4863
4878
4879
4865
4880
4866
4881
4867
4882
4868
4883
4869
4884
4870
4885
4871
4886
4872
4887
4873
4888
4874
4889
4875
4890
4876
4891
4877
4892
4878
4893
4879
4894
4895
4881
4896
4882
4897
4883
4898
4884
4899
4885
4900
4886
4901
4887
4902
4888
4903
4889
4904
4890
4905
4891
4906
4892
4907
4893
4908
4894
4909
4895
4910
4911
4897
4912
4898
4913
4899
4914
4900
4915
4901
4916
4902
4917
4903
4918
4904
4919
4905
4920
4906
4921
4907
4922
4908
4923
4909
4924
4910
4925
4911
4926
4927
4913
4928
4914
4929
4915
4930
4916
4931
4917
4932
4918
4933
4919
4934
4920
4935
4921
4936
4922
4937
4923
4938
4924
4939
4925
4940
4926
4941
4927
4942
4943
4929
4944
4930
4945
4931
4946
4932
4947
4933
4948
4934
4949
4935
4950
4936
4951
4937
4952
4938
4953
4939
4954
4940
4955
4941
4956
4942
4957
4943
4958
4959
4945
4960
4946
4961
4947
4962
4948
4963
4949
4964
4950
4965
4951
4966
4952
4967
4953
4968
4954
4969
4955
4970
4956
4971
4957
4972
4958
4973
4959
4974
4975
4961
4976
4962
4977
4963
4978
4964
4979
4965
4980
4966
4981
4967
4982
4968
4983
4969
4984
4970
4985
4971
4986
4972
4987
4973
4988
4974
4989
4975
4990
4991
4977
4978
4979
4980
4981
4982
4983
4984
4985
4986
4987
4988
4989
4990
4991
)


// ************************************************************************* //
